131
1 1 0.425 45.05
2 2 0.850 25.87
3 3 1.273 18.70
4 4 1.694 14.85
5 5 2.112 12.41
6 6 2.525 10.72
7 7 2.934 9.47
8 8 3.337 8.50
9 9 3.733 7.73
10 10 4.124 7.10
11 11 4.507 6.56
12 12 4.882 6.11
13 13 5.249 5.72
14 14 5.608 5.37
15 15 5.959 5.07
16 16 6.301 4.79
17 17 6.634 4.55
18 18 6.959 4.32
19 19 7.274 4.11
20 20 7.581 3.92
21 21 7.879 3.74
22 22 8.169 3.57
23 23 8.450 3.40
24 24 8.723 3.25
25 25 8.987 3.10
26 26 9.244 2.95
27 27 9.493 2.81
28 28 9.734 2.67
29 29 9.968 2.53
30 30 10.195 2.39
31 31 10.416 2.25
32 32 10.629 2.11
33 33 10.836 1.97
34 34 11.037 1.83
35 35 11.232 1.68
36 36 11.421 1.53
37 37 11.605 1.38
38 38 11.783 1.23
39 39 11.957 1.07
40 40 12.125 0.90
41 41 12.289 0.74
42 42 12.448 0.56
43 43 12.603 0.39
44 44 12.753 0.21
45 45 12.900 0.02
46 46 13.042 -0.17
47 47 13.181 -0.36
48 48 13.317 -0.56
49 50 13.577 -0.96
50 52 13.826 -1.38
51 54 14.062 -1.79
52 56 14.288 -2.21
53 58 14.504 -2.63
54 60 14.711 -3.03
55 62 14.909 -3.41
56 64 15.100 -3.77
57 66 15.284 -4.09
58 68 15.460 -4.37
59 70 15.631 -4.60
60 72 15.796 -4.78
61 74 15.955 -4.91
62 76 16.110 -4.97
63 78 16.260 -4.98
64 80 16.406 -4.92
65 82 16.547 -4.81
66 84 16.685 -4.65
67 86 16.820 -4.43
68 88 16.951 -4.17
69 90 17.079 -3.87
70 92 17.205 -3.54
71 94 17.327 -3.19
72 96 17.447 -2.82
73 100 17.680 -2.06
74 104 17.905 -1.32
75 108 18.121 -0.64
76 112 18.331 -0.04
77 116 18.534 0.47
78 120 18.731 0.89
79 124 18.922 1.23
80 128 19.108 1.51
81 132 19.289 1.74
82 136 19.464 1.93
83 140 19.635 2.11
84 144 19.801 2.28
85 148 19.963 2.46
86 152 20.120 2.63
87 156 20.273 2.82
88 160 20.421 3.03
89 164 20.565 3.25
90 168 20.705 3.49
91 172 20.840 3.74
92 176 20.972 4.02
93 180 21.099 4.32
94 184 21.222 4.64
95 188 21.342 4.98
96 192 21.457 5.35
97 200 21.677 6.15
98 208 21.882 7.07
99 216 22.074 8.10
100 224 22.253 9.25
101 232 22.420 10.54
102 240 22.576 11.97
103 248 22.721 13.56
104 256 22.857 15.31
105 264 22.984 17.23
106 272 23.102 19.34
107 280 23.213 21.64
108 288 23.317 24.15
109 296 23.415 26.88
110 304 23.506 29.84
111 312 23.592 33.05
112 320 23.673 36.52
113 328 23.749 40.25
114 336 23.821 44.27
115 344 23.888 48.59
116 352 23.952 53.22
117 360 24.013 58.18
118 368 24.070 63.49
119 376 24.125 68.00
120 384 24.176 68.00
121 392 24.225 68.00
122 400 24.271 68.00
123 408 24.316 68.00
124 416 24.358 68.00
125 424 24.398 68.00
126 432 24.436 68.00
127 440 24.473 68.00
128 448 24.508 68.00
129 456 24.542 68.00
130 464 24.574 68.00
