127
1 1 0.463 42.10
2 2 0.925 24.17
3 3 1.385 17.47
4 4 1.842 13.87
5 5 2.295 11.60
6 6 2.742 10.01
7 7 3.184 8.84
8 8 3.618 7.94
9 9 4.045 7.22
10 10 4.463 6.62
11 11 4.872 6.12
12 12 5.272 5.70
13 13 5.661 5.33
14 14 6.041 5.00
15 15 6.411 4.71
16 16 6.770 4.45
17 17 7.119 4.21
18 18 7.457 4.00
19 19 7.785 3.79
20 20 8.103 3.61
21 21 8.410 3.43
22 22 8.708 3.26
23 23 8.996 3.09
24 24 9.275 2.93
25 25 9.544 2.78
26 26 9.805 2.63
27 27 10.057 2.47
28 28 10.301 2.32
29 29 10.537 2.17
30 30 10.765 2.02
31 31 10.986 1.86
32 32 11.199 1.71
33 33 11.406 1.55
34 34 11.606 1.38
35 35 11.800 1.21
36 36 11.988 1.04
37 37 12.170 0.86
38 38 12.347 0.67
39 39 12.518 0.49
40 40 12.684 0.29
41 41 12.845 0.09
42 42 13.002 -0.11
43 43 13.154 -0.32
44 44 13.302 -0.54
45 45 13.446 -0.75
46 46 13.586 -0.97
47 47 13.723 -1.20
48 48 13.855 -1.43
49 50 14.111 -1.88
50 52 14.354 -2.34
51 54 14.585 -2.79
52 56 14.807 -3.22
53 58 15.018 -3.62
54 60 15.221 -3.98
55 62 15.415 -4.30
56 64 15.602 -4.57
57 66 15.783 -4.77
58 68 15.956 -4.91
59 70 16.124 -4.98
60 72 16.287 -4.97
61 74 16.445 -4.90
62 76 16.598 -4.76
63 78 16.746 -4.55
64 80 16.891 -4.29
65 82 17.032 -3.99
66 84 17.169 -3.64
67 86 17.303 -3.26
68 88 17.434 -2.86
69 90 17.563 -2.45
70 92 17.688 -2.04
71 94 17.811 -1.63
72 96 17.932 -1.24
73 100 18.166 -0.51
74 104 18.392 0.12
75 108 18.611 0.64
76 112 18.823 1.06
77 116 19.028 1.39
78 120 19.226 1.66
79 124 19.419 1.88
80 128 19.606 2.08
81 132 19.788 2.27
82 136 19.964 2.46
83 140 20.135 2.65
84 144 20.300 2.86
85 148 20.461 3.09
86 152 20.616 3.33
87 156 20.766 3.60
88 160 20.912 3.89
89 164 21.052 4.20
90 168 21.188 4.54
91 172 21.318 4.91
92 176 21.445 5.31
93 180 21.567 5.73
94 184 21.684 6.18
95 188 21.797 6.67
96 192 21.906 7.19
97 200 22.113 8.33
98 208 22.304 9.63
99 216 22.482 11.08
100 224 22.646 12.71
101 232 22.799 14.53
102 240 22.941 16.54
103 248 23.072 18.77
104 256 23.195 21.23
105 264 23.309 23.94
106 272 23.415 26.90
107 280 23.515 30.14
108 288 23.607 33.67
109 296 23.694 37.51
110 304 23.775 41.67
111 312 23.852 46.17
112 320 23.923 51.04
113 328 23.991 56.29
114 336 24.054 61.94
115 344 24.114 68.00
116 352 24.171 68.00
117 360 24.224 68.00
118 368 24.275 68.00
119 376 24.322 68.00
120 384 24.368 68.00
121 392 24.411 68.00
122 400 24.452 68.00
123 408 24.491 68.00
124 416 24.528 68.00
125 424 24.564 68.00
126 432 24.597 68.00
