133
1 1 0.309 58.23
2 2 0.617 33.44
3 3 0.925 24.17
4 4 1.232 19.20
5 5 1.538 16.05
6 6 1.842 13.87
7 7 2.145 12.26
8 8 2.445 11.01
9 9 2.742 10.01
10 10 3.037 9.20
11 11 3.329 8.52
12 12 3.618 7.94
13 13 3.903 7.44
14 14 4.185 7.00
15 15 4.463 6.62
16 16 4.736 6.28
17 17 5.006 5.97
18 18 5.272 5.70
19 19 5.533 5.44
20 20 5.789 5.21
21 21 6.041 5.00
22 22 6.289 4.80
23 23 6.532 4.62
24 24 6.770 4.45
25 25 7.004 4.29
26 26 7.233 4.14
27 27 7.457 4.00
28 28 7.677 3.86
29 29 7.892 3.73
30 30 8.103 3.61
31 31 8.309 3.49
32 32 8.511 3.37
33 33 8.708 3.26
34 34 8.901 3.15
35 35 9.090 3.04
36 36 9.275 2.93
37 37 9.456 2.83
38 38 9.632 2.73
39 39 9.805 2.63
40 40 9.974 2.53
41 41 10.139 2.42
42 42 10.301 2.32
43 43 10.459 2.22
44 44 10.614 2.12
45 45 10.765 2.02
46 46 10.913 1.92
47 47 11.058 1.81
48 48 11.199 1.71
49 50 11.474 1.49
50 52 11.736 1.27
51 54 11.988 1.04
52 56 12.230 0.80
53 58 12.461 0.55
54 60 12.684 0.29
55 62 12.898 0.02
56 64 13.104 -0.25
57 66 13.302 -0.54
58 68 13.493 -0.83
59 70 13.678 -1.12
60 72 13.855 -1.43
61 74 14.027 -1.73
62 76 14.193 -2.04
63 78 14.354 -2.34
64 80 14.509 -2.64
65 82 14.660 -2.93
66 84 14.807 -3.22
67 86 14.949 -3.49
68 88 15.087 -3.74
69 90 15.221 -3.98
70 92 15.351 -4.20
71 94 15.478 -4.40
72 96 15.602 -4.57
73 100 15.841 -4.82
74 104 16.069 -4.96
75 108 16.287 -4.97
76 112 16.496 -4.86
77 116 16.697 -4.63
78 120 16.891 -4.29
79 124 17.078 -3.87
80 128 17.259 -3.39
81 132 17.434 -2.86
82 136 17.605 -2.31
83 140 17.770 -1.77
84 144 17.932 -1.24
85 148 18.089 -0.74
86 152 18.242 -0.29
87 156 18.392 0.12
88 160 18.539 0.48
89 164 18.682 0.79
90 168 18.823 1.06
91 172 18.960 1.29
92 176 19.095 1.49
93 180 19.226 1.66
94 184 19.356 1.81
95 188 19.482 1.95
96 192 19.606 2.08
97 200 19.847 2.33
98 208 20.079 2.59
99 216 20.300 2.86
100 224 20.513 3.17
101 232 20.717 3.51
102 240 20.912 3.89
103 248 21.098 4.31
104 256 21.275 4.79
105 264 21.445 5.31
106 272 21.606 5.88
107 280 21.760 6.50
108 288 21.906 7.19
109 296 22.046 7.93
110 304 22.178 8.75
111 312 22.304 9.63
112 320 22.424 10.58
113 328 22.538 11.60
114 336 22.646 12.71
115 344 22.749 13.90
116 352 22.847 15.18
117 360 22.941 16.54
118 368 23.030 18.01
119 376 23.114 19.57
120 384 23.195 21.23
121 392 23.272 23.01
122 400 23.345 24.90
123 408 23.415 26.90
124 416 23.482 29.03
125 424 23.546 31.28
126 432 23.607 33.67
127 440 23.666 36.19
128 448 23.722 38.86
129 456 23.775 41.67
130 464 23.827 44.63
131 472 23.876 47.76
132 480 23.923 51.04
