133
   1    1    0.213    68.00
   2    2    0.425    45.05
   3    3    0.638    32.57
   4    4    0.850    25.87
   5    5    1.062    21.63
   6    6    1.273    18.70
   7    7    1.484    16.52
   8    8    1.694    14.85
   9    9    1.903    13.51
  10   10    2.112    12.41
  11   11    2.319    11.50
  12   12    2.525    10.72
  13   13    2.730    10.05
  14   14    2.934     9.47
  15   15    3.136     8.96
  16   16    3.337     8.50
  17   17    3.536     8.10
  18   18    3.733     7.73
  19   19    3.929     7.40
  20   20    4.124     7.10
  21   21    4.316     6.82
  22   22    4.507     6.56
  23   23    4.695     6.33
  24   24    4.882     6.11
  25   25    5.067     5.91
  26   26    5.249     5.72
  27   27    5.430     5.54
  28   28    5.608     5.37
  29   29    5.785     5.22
  30   30    5.959     5.07
  31   31    6.131     4.93
  32   32    6.301     4.79
  33   33    6.469     4.67
  34   34    6.634     4.55
  35   35    6.798     4.43
  36   36    6.959     4.32
  37   37    7.118     4.21
  38   38    7.274     4.11
  39   39    7.429     4.01
  40   40    7.581     3.92
  41   41    7.731     3.83
  42   42    7.879     3.74
  43   43    8.025     3.65
  44   44    8.169     3.57
  45   45    8.310     3.48
  46   46    8.450     3.40
  47   47    8.587     3.33
  48   48    8.723     3.25
  49   50    8.987     3.10
  50   52    9.244     2.95
  51   54    9.493     2.81
  52   56    9.734     2.67
  53   58    9.968     2.53
  54   60   10.195     2.39
  55   62   10.416     2.25
  56   64   10.629     2.11
  57   66   10.836     1.97
  58   68   11.037     1.83
  59   70   11.232     1.68
  60   72   11.421     1.53
  61   74   11.605     1.38
  62   76   11.783     1.23
  63   78   11.957     1.07
  64   80   12.125     0.90
  65   82   12.289     0.74
  66   84   12.448     0.56
  67   86   12.603     0.39
  68   88   12.753     0.21
  69   90   12.900     0.02
  70   92   13.042    -0.17
  71   94   13.181    -0.36
  72   96   13.317    -0.56
  73  100   13.578    -0.96
  74  104   13.826    -1.38
  75  108   14.062    -1.79
  76  112   14.288    -2.21
  77  116   14.504    -2.63
  78  120   14.711    -3.03
  79  124   14.909    -3.41
  80  128   15.100    -3.77
  81  132   15.284    -4.09
  82  136   15.460    -4.37
  83  140   15.631    -4.60
  84  144   15.796    -4.78
  85  148   15.955    -4.91
  86  152   16.110    -4.97
  87  156   16.260    -4.98
  88  160   16.406    -4.92
  89  164   16.547    -4.81
  90  168   16.685    -4.65
  91  172   16.820    -4.43
  92  176   16.951    -4.17
  93  180   17.079    -3.87
  94  184   17.205    -3.54
  95  188   17.327    -3.19
  96  192   17.447    -2.82
  97  200   17.680    -2.06
  98  208   17.905    -1.32
  99  216   18.121    -0.64
 100  224   18.331    -0.04
 101  232   18.534     0.47
 102  240   18.731     0.89
 103  248   18.922     1.23
 104  256   19.108     1.51
 105  264   19.289     1.74
 106  272   19.464     1.93
 107  280   19.635     2.11
 108  288   19.801     2.28
 109  296   19.963     2.46
 110  304   20.120     2.63
 111  312   20.273     2.82
 112  320   20.421     3.03
 113  328   20.565     3.25
 114  336   20.705     3.49
 115  344   20.840     3.74
 116  352   20.972     4.02
 117  360   21.099     4.32
 118  368   21.222     4.64
 119  376   21.342     4.98
 120  384   21.457     5.35
 121  392   21.569     5.74
 122  400   21.677     6.15
 123  408   21.781     6.60
 124  416   21.882     7.07
 125  424   21.980     7.57
 126  432   22.074     8.10
 127  440   22.165     8.66
 128  448   22.253     9.25
 129  456   22.338     9.88
 130  464   22.420    10.54
 131  472   22.499    11.24
 132  480   22.576    11.97
