133
   1    1    0.232    68.00
   2    2    0.463    42.10
   3    3    0.694    30.43
   4    4    0.925    24.17
   5    5    1.156    20.22
   6    6    1.385    17.47
   7    7    1.614    15.44
   8    8    1.842    13.87
   9    9    2.069    12.62
  10   10    2.295    11.60
  11   11    2.519    10.74
  12   12    2.742    10.01
  13   13    2.964     9.39
  14   14    3.184     8.84
  15   15    3.402     8.37
  16   16    3.618     7.94
  17   17    3.832     7.56
  18   18    4.045     7.22
  19   19    4.255     6.90
  20   20    4.463     6.62
  21   21    4.668     6.36
  22   22    4.872     6.12
  23   23    5.073     5.90
  24   24    5.272     5.70
  25   25    5.468     5.50
  26   26    5.661     5.33
  27   27    5.853     5.16
  28   28    6.041     5.00
  29   29    6.227     4.85
  30   30    6.411     4.71
  31   31    6.592     4.58
  32   32    6.770     4.45
  33   33    6.946     4.33
  34   34    7.119     4.21
  35   35    7.289     4.10
  36   36    7.457     4.00
  37   37    7.622     3.89
  38   38    7.785     3.79
  39   39    7.945     3.70
  40   40    8.103     3.61
  41   41    8.258     3.51
  42   42    8.410     3.43
  43   43    8.560     3.34
  44   44    8.708     3.26
  45   45    8.853     3.17
  46   46    8.996     3.09
  47   47    9.137     3.01
  48   48    9.275     2.93
  49   50    9.544     2.78
  50   52    9.805     2.63
  51   54   10.057     2.47
  52   56   10.301     2.32
  53   58   10.537     2.17
  54   60   10.765     2.02
  55   62   10.986     1.86
  56   64   11.199     1.71
  57   66   11.406     1.55
  58   68   11.606     1.38
  59   70   11.800     1.21
  60   72   11.988     1.04
  61   74   12.170     0.86
  62   76   12.347     0.67
  63   78   12.518     0.49
  64   80   12.684     0.29
  65   82   12.845     0.09
  66   84   13.002    -0.11
  67   86   13.154    -0.32
  68   88   13.302    -0.54
  69   90   13.446    -0.75
  70   92   13.586    -0.97
  71   94   13.723    -1.20
  72   96   13.855    -1.43
  73  100   14.111    -1.88
  74  104   14.354    -2.34
  75  108   14.585    -2.79
  76  112   14.807    -3.22
  77  116   15.018    -3.62
  78  120   15.221    -3.98
  79  124   15.415    -4.30
  80  128   15.602    -4.57
  81  132   15.783    -4.77
  82  136   15.956    -4.91
  83  140   16.124    -4.98
  84  144   16.287    -4.97
  85  148   16.445    -4.90
  86  152   16.598    -4.76
  87  156   16.746    -4.55
  88  160   16.891    -4.29
  89  164   17.032    -3.99
  90  168   17.169    -3.64
  91  172   17.303    -3.26
  92  176   17.434    -2.86
  93  180   17.563    -2.45
  94  184   17.688    -2.04
  95  188   17.811    -1.63
  96  192   17.932    -1.24
  97  200   18.166    -0.51
  98  208   18.392     0.12
  99  216   18.611     0.64
 100  224   18.823     1.06
 101  232   19.028     1.39
 102  240   19.226     1.66
 103  248   19.419     1.88
 104  256   19.606     2.08
 105  264   19.788     2.27
 106  272   19.964     2.46
 107  280   20.135     2.65
 108  288   20.300     2.86
 109  296   20.461     3.09
 110  304   20.616     3.33
 111  312   20.766     3.60
 112  320   20.912     3.89
 113  328   21.052     4.20
 114  336   21.188     4.54
 115  344   21.318     4.91
 116  352   21.445     5.31
 117  360   21.567     5.73
 118  368   21.684     6.18
 119  376   21.797     6.67
 120  384   21.906     7.19
 121  392   22.012     7.74
 122  400   22.113     8.33
 123  408   22.210     8.96
 124  416   22.304     9.63
 125  424   22.395    10.33
 126  432   22.482    11.08
 127  440   22.566    11.87
 128  448   22.646    12.71
 129  456   22.724    13.59
 130  464   22.799    14.53
 131  472   22.871    15.51
 132  480   22.941    16.54
