133
   1    1    0.154    68.00
   2    2    0.309    58.23
   3    3    0.463    42.10
   4    4    0.617    33.44
   5    5    0.771    27.97
   6    6    0.925    24.17
   7    7    1.079    21.36
   8    8    1.232    19.20
   9    9    1.385    17.47
  10   10    1.538    16.05
  11   11    1.690    14.87
  12   12    1.842    13.87
  13   13    1.994    13.01
  14   14    2.145    12.26
  15   15    2.295    11.60
  16   16    2.445    11.01
  17   17    2.594    10.49
  18   18    2.742    10.01
  19   19    2.890     9.59
  20   20    3.037     9.20
  21   21    3.184     8.84
  22   22    3.329     8.52
  23   23    3.474     8.22
  24   24    3.618     7.94
  25   25    3.761     7.68
  26   26    3.903     7.44
  27   27    4.045     7.22
  28   28    4.185     7.00
  29   29    4.324     6.81
  30   30    4.463     6.62
  31   31    4.600     6.44
  32   32    4.736     6.28
  33   33    4.872     6.12
  34   34    5.006     5.97
  35   35    5.139     5.83
  36   36    5.272     5.70
  37   37    5.403     5.57
  38   38    5.533     5.44
  39   39    5.661     5.33
  40   40    5.789     5.21
  41   41    5.916     5.10
  42   42    6.041     5.00
  43   43    6.166     4.90
  44   44    6.289     4.80
  45   45    6.411     4.71
  46   46    6.532     4.62
  47   47    6.651     4.53
  48   48    6.770     4.45
  49   50    7.004     4.29
  50   52    7.233     4.14
  51   54    7.457     4.00
  52   56    7.677     3.86
  53   58    7.892     3.73
  54   60    8.103     3.61
  55   62    8.309     3.49
  56   64    8.511     3.37
  57   66    8.708     3.26
  58   68    8.901     3.15
  59   70    9.090     3.04
  60   72    9.275     2.93
  61   74    9.456     2.83
  62   76    9.632     2.73
  63   78    9.805     2.63
  64   80    9.974     2.53
  65   82   10.139     2.42
  66   84   10.301     2.32
  67   86   10.459     2.22
  68   88   10.614     2.12
  69   90   10.765     2.02
  70   92   10.913     1.92
  71   94   11.058     1.81
  72   96   11.199     1.71
  73  100   11.474     1.49
  74  104   11.736     1.27
  75  108   11.988     1.04
  76  112   12.230     0.80
  77  116   12.461     0.55
  78  120   12.684     0.29
  79  124   12.898     0.02
  80  128   13.104    -0.25
  81  132   13.302    -0.54
  82  136   13.493    -0.83
  83  140   13.678    -1.12
  84  144   13.855    -1.43
  85  148   14.027    -1.73
  86  152   14.193    -2.04
  87  156   14.354    -2.34
  88  160   14.509    -2.64
  89  164   14.660    -2.93
  90  168   14.807    -3.22
  91  172   14.949    -3.49
  92  176   15.087    -3.74
  93  180   15.221    -3.98
  94  184   15.351    -4.20
  95  188   15.478    -4.40
  96  192   15.602    -4.57
  97  200   15.841    -4.82
  98  208   16.069    -4.96
  99  216   16.287    -4.97
 100  224   16.496    -4.86
 101  232   16.697    -4.63
 102  240   16.891    -4.29
 103  248   17.078    -3.87
 104  256   17.259    -3.39
 105  264   17.434    -2.86
 106  272   17.605    -2.31
 107  280   17.770    -1.77
 108  288   17.932    -1.24
 109  296   18.089    -0.74
 110  304   18.242    -0.29
 111  312   18.392     0.12
 112  320   18.539     0.48
 113  328   18.682     0.79
 114  336   18.823     1.06
 115  344   18.960     1.29
 116  352   19.095     1.49
 117  360   19.226     1.66
 118  368   19.356     1.81
 119  376   19.482     1.95
 120  384   19.606     2.08
 121  392   19.728     2.21
 122  400   19.847     2.33
 123  408   19.964     2.46
 124  416   20.079     2.59
 125  424   20.191     2.72
 126  432   20.300     2.86
 127  440   20.408     3.01
 128  448   20.513     3.17
 129  456   20.616     3.33
 130  464   20.717     3.51
 131  472   20.815     3.69
 132  480   20.912     3.89
