table 1
488357088.00
5898447.00
1131716.50
466377.53
265911.78
180192.88
135125.59
108078.07
90518.55
78295.64
69141.30
62335.81
56981.98
52569.95
49061.14
45997.86
43524.88
41279.80
39331.23
37647.63
36119.16
34732.62
33399.32
32265.44
31170.05
30111.86
29156.65
28231.74
27336.16
26469.00
25629.35
24816.33
24029.10
23266.85
22476.96
21713.89
20976.72
20264.58
19531.59
18781.82
18102.46
17367.51
16700.81
16022.77
15336.90
14680.39
14051.98
13419.54
12238.76
12238.76
11136.21
11136.21
10109.68
10109.68
9177.78
9177.78
8331.78
8331.78
7598.67
7598.67
6962.06
6962.06
6408.22
6408.22
5953.02
5953.02
5581.33
5581.33
5293.44
5293.44
5078.52
5078.52
4928.76
4928.76
4861.13
4861.13
4849.95
4849.95
4917.42
4917.42
5043.56
5043.56
5232.84
5232.84
5504.75
5504.75
5844.37
5844.37
6262.35
6262.35
6756.75
6756.75
7323.82
7323.82
7975.13
7975.13
9500.31
9500.31
9500.31
9500.31
11239.26
11239.26
11239.26
11239.26
13174.60
13174.60
13174.60
13174.60
15126.47
15126.47
15126.47
15126.47
17011.30
17011.30
17011.30
17011.30
18738.62
18738.62
18738.62
18738.62
20264.58
20264.58
20264.58
20264.58
21614.12
21614.12
21614.12
21614.12
22789.65
22789.65
22789.65
22789.65
23808.80
23808.80
23808.80
23808.80
24816.33
24816.33
24816.33
24816.33
25807.00
25807.00
25807.00
25807.00
26837.22
26837.22
26837.22
26837.22
27972.91
27972.91
27972.91
27972.91
29223.86
29223.86
29223.86
29223.86
30671.68
30671.68
30671.68
30671.68
32265.44
32265.44
32265.44
32265.44
34098.68
34098.68
34098.68
34098.68
36119.16
36119.16
36119.16
36119.16
38524.55
38524.55
38524.55
38524.55
41279.80
41279.80
41279.80
41279.80
44436.27
44436.27
44436.27
44436.27
48054.89
48054.89
48054.89
48054.89
52328.41
52328.41
52328.41
52328.41
62912.59
62912.59
62912.59
62912.59
62912.59
62912.59
62912.59
62912.59
77756.66
77756.66
77756.66
77756.66
77756.66
77756.66
77756.66
77756.66
98568.38
98568.38
98568.38
98568.38
98568.38
98568.38
98568.38
98568.38
128451.02
128451.02
128451.02
128451.02
128451.02
128451.02
128451.02
128451.02
172877.14
172877.14
172877.14
172877.14
172877.14
172877.14
172877.14
172877.14
240291.06
240291.06
240291.06
240291.06
240291.06
240291.06
240291.06
240291.06
346527.44
346527.44
346527.44
346527.44
346527.44
346527.44
346527.44
346527.44
517294.19
517294.19
517294.19
517294.19
517294.19
517294.19
517294.19
517294.19
806747.31
806747.31
806747.31
806747.31
806747.31
806747.31
806747.31
806747.31
1308391.13
1308391.13
1308391.13
1308391.13
1308391.13
1308391.13
1308391.13
1308391.13
2227088.75
2227088.75
2227088.75
2227088.75
2227088.75
2227088.75
2227088.75
2227088.75
3969516.00
3969516.00
3969516.00
3969516.00
3969516.00
3969516.00
3969516.00
3969516.00
7442819.50
7442819.50
7442819.50
7442819.50
7442819.50
7442819.50
7442819.50
7442819.50
14714232.00
14714232.00
14714232.00
14714232.00
14714232.00
14714232.00
14714232.00
14714232.00
30742394.00
30742394.00
30742394.00
30742394.00
30742394.00
30742394.00
30742394.00
30742394.00
68349824.00
68349824.00
68349824.00
68349824.00
68349824.00
68349824.00
68349824.00
68349824.00
161338400.00
161338400.00
161338400.00
161338400.00
161338400.00
161338400.00
161338400.00
161338400.00
407134048.00
407134048.00
407134048.00
407134048.00
407134048.00
407134048.00
407134048.00
407134048.00
1100874368.00
1100874368.00
1100874368.00
1100874368.00
1100874368.00
1100874368.00
1100874368.00
1100874368.00
3196962048.00
3196962048.00
3196962048.00
3196962048.00
3196962048.00
3196962048.00
3196962048.00
3196962048.00
10016993280.00
10016993280.00
10016993280.00
10016993280.00
10016993280.00
10016993280.00
10016993280.00
10016993280.00
34020253696.00
34020253696.00
34020253696.00
34020253696.00
34020253696.00
34020253696.00
34020253696.00
34020253696.00
124950298624.00
124950298624.00
124950298624.00
124950298624.00
124950298624.00
124950298624.00
124950298624.00
124950298624.00
124950298624.00
124950298624.00
124950298624.00
124950298624.00
124950298624.00
124950298624.00
124950298624.00
124950298624.00
124950298624.00
124950298624.00
124950298624.00
124950298624.00
124950298624.00
124950298624.00
124950298624.00
124950298624.00
124950298624.00
124950298624.00
124950298624.00
124950298624.00
124950298624.00
124950298624.00
124950298624.00
124950298624.00
124950298624.00
124950298624.00
124950298624.00
124950298624.00
124950298624.00
124950298624.00
124950298624.00
124950298624.00
124950298624.00
124950298624.00
124950298624.00
124950298624.00
124950298624.00
124950298624.00
124950298624.00
124950298624.00
124950298624.00
124950298624.00
124950298624.00
124950298624.00
124950298624.00
124950298624.00
124950298624.00
124950298624.00
124950298624.00
124950298624.00
124950298624.00
124950298624.00
124950298624.00
124950298624.00
124950298624.00
124950298624.00
124950298624.00
124950298624.00
124950298624.00
124950298624.00
124950298624.00
124950298624.00
124950298624.00
124950298624.00
124950298624.00
124950298624.00
124950298624.00
124950298624.00
124950298624.00
124950298624.00
124950298624.00
124950298624.00
124950298624.00
124950298624.00
124950298624.00
124950298624.00
124950298624.00
124950298624.00
124950298624.00
124950298624.00
124950298624.00
124950298624.00
124950298624.00
124950298624.00
124950298624.00
124950298624.00
124950298624.00
124950298624.00
60776765194240.00
60776765194240.00
60776765194240.00
60776765194240.00
60776765194240.00
60776765194240.00
60776765194240.00
60776765194240.00
60776765194240.00
60776765194240.00
60776765194240.00
60776765194240.00
60776765194240.00
60776765194240.00
60776765194240.00
60776765194240.00
60776765194240.00
60776765194240.00
60776765194240.00
60776765194240.00
60776765194240.00
60776765194240.00
60776765194240.00
60776765194240.00
60776765194240.00
60776765194240.00
60776765194240.00
60776765194240.00
60776765194240.00
60776765194240.00
60776765194240.00
60776765194240.00
60776765194240.00
60776765194240.00
60776765194240.00
60776765194240.00
60776765194240.00
60776765194240.00
60776765194240.00
60776765194240.00
60776765194240.00
60776765194240.00
60776765194240.00
60776765194240.00
60776765194240.00
60776765194240.00
60776765194240.00
60776765194240.00
60776765194240.00
