table 2
247592464.00
3987838.75
852584.69
372166.75
220667.11
153016.27
116879.30
95003.05
80489.19
70103.16
62479.50
56720.18
52087.99
48276.70
45158.30
42534.13
40247.38
38347.55
36537.39
35054.00
33630.83
32339.82
31098.37
29973.51
28955.93
27972.91
26961.10
26045.79
25161.56
24307.35
23428.13
22632.76
21814.11
20976.72
20171.47
19397.13
18609.62
17813.02
17089.82
16320.66
15586.10
14884.61
14182.00
13481.48
12845.10
12210.62
11580.77
10983.42
9902.33
9902.33
8907.13
8907.13
8030.41
8030.41
7273.40
7273.40
6633.42
6633.42
6105.73
6105.73
5672.02
5672.02
5330.13
5330.13
5090.23
5090.23
4928.76
4928.76
4849.95
4849.95
4861.13
4861.13
4940.12
4940.12
5101.97
5101.97
5354.73
5354.73
5685.09
5685.09
6091.69
6091.69
6602.94
6602.94
7206.72
7206.72
7902.01
7902.01
8684.36
8684.36
9544.16
9544.16
10489.08
10489.08
11474.60
11474.60
13574.93
13574.93
13574.93
13574.93
15694.14
15694.14
15694.14
15694.14
17690.40
17690.40
17690.40
17690.40
19486.67
19486.67
19486.67
19486.67
21025.08
21025.08
21025.08
21025.08
22373.69
22373.69
22373.69
22373.69
23536.27
23536.27
23536.27
23536.27
24645.50
24645.50
24645.50
24645.50
25747.65
25747.65
25747.65
25747.65
26899.09
26899.09
26899.09
26899.09
28102.02
28102.02
28102.02
28102.02
29494.26
29494.26
29494.26
29494.26
31098.37
31098.37
31098.37
31098.37
32865.30
32865.30
32865.30
32865.30
34973.38
34973.38
34973.38
34973.38
37388.46
37388.46
37388.46
37388.46
40154.81
40154.81
40154.81
40154.81
43424.77
43424.77
43424.77
43424.77
47286.54
47286.54
47286.54
47286.54
51848.66
51848.66
51848.66
51848.66
57113.34
57113.34
57113.34
57113.34
63348.68
63348.68
63348.68
63348.68
70914.91
70914.91
70914.91
70914.91
79935.11
79935.11
79935.11
79935.11
103929.20
103929.20
103929.20
103929.20
103929.20
103929.20
103929.20
103929.20
140196.64
140196.64
140196.64
140196.64
140196.64
140196.64
140196.64
140196.64
195766.14
195766.14
195766.14
195766.14
195766.14
195766.14
195766.14
195766.14
284929.63
284929.63
284929.63
284929.63
284929.63
284929.63
284929.63
284929.63
433249.00
433249.00
433249.00
433249.00
433249.00
433249.00
433249.00
433249.00
688236.44
688236.44
688236.44
688236.44
688236.44
688236.44
688236.44
688236.44
1150105.38
1150105.38
1150105.38
1150105.38
1150105.38
1150105.38
1150105.38
1150105.38
2026457.63
2026457.63
2026457.63
2026457.63
2026457.63
2026457.63
2026457.63
2026457.63
3782140.25
3782140.25
3782140.25
3782140.25
3782140.25
3782140.25
3782140.25
3782140.25
7477175.00
7477175.00
7477175.00
7477175.00
7477175.00
7477175.00
7477175.00
7477175.00
15766581.00
15766581.00
15766581.00
15766581.00
15766581.00
15766581.00
15766581.00
15766581.00
35541636.00
35541636.00
35541636.00
35541636.00
35541636.00
35541636.00
35541636.00
35541636.00
86047336.00
86047336.00
86047336.00
86047336.00
86047336.00
86047336.00
86047336.00
86047336.00
224252560.00
224252560.00
224252560.00
224252560.00
224252560.00
224252560.00
224252560.00
224252560.00
632029568.00
632029568.00
632029568.00
632029568.00
632029568.00
632029568.00
632029568.00
632029568.00
1939713920.00
1939713920.00
1939713920.00
1939713920.00
1939713920.00
1939713920.00
1939713920.00
1939713920.00
6497371136.00
6497371136.00
6497371136.00
6497371136.00
6497371136.00
6497371136.00
6497371136.00
6497371136.00
23863681024.00
23863681024.00
23863681024.00
23863681024.00
96324681728.00
96324681728.00
96324681728.00
96324681728.00
96324681728.00
96324681728.00
96324681728.00
96324681728.00
96324681728.00
96324681728.00
96324681728.00
96324681728.00
96324681728.00
96324681728.00
96324681728.00
96324681728.00
96324681728.00
96324681728.00
96324681728.00
96324681728.00
96324681728.00
96324681728.00
96324681728.00
96324681728.00
96324681728.00
96324681728.00
96324681728.00
96324681728.00
96324681728.00
96324681728.00
96324681728.00
96324681728.00
96324681728.00
96324681728.00
96324681728.00
96324681728.00
96324681728.00
96324681728.00
96324681728.00
96324681728.00
96324681728.00
96324681728.00
96324681728.00
96324681728.00
96324681728.00
96324681728.00
96324681728.00
96324681728.00
96324681728.00
96324681728.00
96324681728.00
96324681728.00
96324681728.00
96324681728.00
96324681728.00
96324681728.00
96324681728.00
96324681728.00
96324681728.00
96324681728.00
96324681728.00
96324681728.00
96324681728.00
96324681728.00
96324681728.00
96324681728.00
96324681728.00
96324681728.00
96324681728.00
96324681728.00
96324681728.00
96324681728.00
96324681728.00
96324681728.00
96324681728.00
96324681728.00
96324681728.00
96324681728.00
96324681728.00
96324681728.00
96324681728.00
96324681728.00
96324681728.00
96324681728.00
96324681728.00
96324681728.00
96324681728.00
96324681728.00
96324681728.00
96324681728.00
96324681728.00
96324681728.00
96324681728.00
96324681728.00
96324681728.00
96324681728.00
60776765194240.00
60776765194240.00
60776765194240.00
60776765194240.00
60776765194240.00
60776765194240.00
60776765194240.00
60776765194240.00
60776765194240.00
60776765194240.00
60776765194240.00
60776765194240.00
60776765194240.00
60776765194240.00
60776765194240.00
60776765194240.00
60776765194240.00
60776765194240.00
60776765194240.00
60776765194240.00
60776765194240.00
60776765194240.00
60776765194240.00
60776765194240.00
60776765194240.00
60776765194240.00
60776765194240.00
60776765194240.00
60776765194240.00
60776765194240.00
60776765194240.00
60776765194240.00
60776765194240.00
60776765194240.00
60776765194240.00
60776765194240.00
60776765194240.00
60776765194240.00
60776765194240.00
60776765194240.00
60776765194240.00
60776765194240.00
60776765194240.00
60776765194240.00
60776765194240.00
60776765194240.00
60776765194240.00
60776765194240.00
60776765194240.00
60776765194240.00
60776765194240.00
60776765194240.00
60776765194240.00
60776765194240.00
60776765194240.00
60776765194240.00
60776765194240.00
60776765194240.00
60776765194240.00
60776765194240.00
60776765194240.00
60776765194240.00
60776765194240.00
60776765194240.00
60776765194240.00
60776765194240.00
60776765194240.00
60776765194240.00
60776765194240.00
60776765194240.00
60776765194240.00
60776765194240.00
60776765194240.00
60776765194240.00
60776765194240.00
60776765194240.00
60776765194240.00
60776765194240.00
60776765194240.00
60776765194240.00
60776765194240.00
60776765194240.00
60776765194240.00
60776765194240.00
60776765194240.00
