table 0
10156347392.00
33708348.00
3987838.75
1269806.88
614805.19
372166.75
256884.33
192636.06
153016.27
126980.66
108576.95
95003.05
84671.56
76513.41
70103.16
64824.27
60358.38
56720.18
53424.14
50668.45
48276.70
46103.89
44232.10
42534.13
40995.63
39603.86
38347.55
37131.08
36036.08
35054.00
34098.68
33169.40
32339.82
31530.99
30742.39
29973.51
29291.23
28624.48
27972.91
27336.16
26652.48
26045.79
25452.92
24873.54
24307.35
23754.04
23159.95
22632.76
21514.81
21514.81
20452.08
20452.08
19397.13
19397.13
18354.29
18354.29
17327.57
17327.57
16320.66
16320.66
15336.90
15336.90
14412.44
14412.44
13481.48
13481.48
12610.65
12610.65
11796.08
11796.08
10983.42
10983.42
10250.32
10250.32
9544.16
9544.16
8907.13
8907.13
8312.61
8312.61
7775.67
7775.67
7273.40
7273.40
6834.99
6834.99
6452.64
6452.64
6105.73
6105.73
5804.14
5804.14
5542.91
5542.91
5330.13
5330.13
5031.96
5031.96
5031.96
5031.96
4872.34
4872.34
4872.34
4872.34
4861.13
4861.13
4861.13
4861.13
4985.83
4985.83
4985.83
4985.83
5257.00
5257.00
5257.00
5257.00
5685.09
5685.09
5685.09
5685.09
6262.35
6262.35
6262.35
6262.35
6994.19
6994.19
6994.19
6994.19
7902.01
7902.01
7902.01
7902.01
8968.87
8968.87
8968.87
8968.87
10156.35
10156.35
10156.35
10156.35
11474.60
11474.60
11474.60
11474.60
12874.71
12874.71
12874.71
12874.71
14280.31
14280.31
14280.31
14280.31
15694.14
15694.14
15694.14
15694.14
17050.52
17050.52
17050.52
17050.52
18312.08
18312.08
18312.08
18312.08
19486.67
19486.67
19486.67
19486.67
20546.49
20546.49
20546.49
20546.49
21514.81
21514.81
21514.81
21514.81
22373.69
22373.69
22373.69
22373.69
23159.95
23159.95
23159.95
23159.95
23918.70
23918.70
23918.70
23918.70
24645.50
24645.50
24645.50
24645.50
26105.83
26105.83
26105.83
26105.83
26105.83
26105.83
26105.83
26105.83
27716.45
27716.45
27716.45
27716.45
27716.45
27716.45
27716.45
27716.45
29494.26
29494.26
29494.26
29494.26
29494.26
29494.26
29494.26
29494.26
31676.53
31676.53
31676.53
31676.53
31676.53
31676.53
31676.53
31676.53
34256.07
34256.07
34256.07
34256.07
34256.07
34256.07
34256.07
34256.07
37388.46
37388.46
37388.46
37388.46
37388.46
37388.46
37388.46
37388.46
41184.86
41184.86
41184.86
41184.86
41184.86
41184.86
41184.86
41184.86
45997.86
45997.86
45997.86
45997.86
45997.86
45997.86
45997.86
45997.86
51848.66
51848.66
51848.66
51848.66
51848.66
51848.66
51848.66
51848.66
59120.43
59120.43
59120.43
59120.43
59120.43
59120.43
59120.43
59120.43
68192.65
68192.65
68192.65
68192.65
68192.65
68192.65
68192.65
68192.65
79935.11
79935.11
79935.11
79935.11
79935.11
79935.11
79935.11
79935.11
94784.55
94784.55
94784.55
94784.55
94784.55
94784.55
94784.55
94784.55
114482.10
114482.10
114482.10
114482.10
114482.10
114482.10
114482.10
114482.10
140196.64
140196.64
140196.64
140196.64
140196.64
140196.64
140196.64
140196.64
174476.75
174476.75
174476.75
174476.75
174476.75
174476.75
174476.75
174476.75
220667.11
220667.11
220667.11
220667.11
220667.11
220667.11
220667.11
220667.11
284929.63
284929.63
284929.63
284929.63
284929.63
284929.63
284929.63
284929.63
374746.47
374746.47
374746.47
374746.47
374746.47
374746.47
374746.47
374746.47
503196.50
503196.50
503196.50
503196.50
503196.50
503196.50
503196.50
503196.50
688236.44
688236.44
688236.44
688236.44
688236.44
688236.44
688236.44
688236.44
965467.38
965467.38
965467.38
965467.38
965467.38
965467.38
965467.38
965467.38
1382730.50
1382730.50
1382730.50
1382730.50
1382730.50
1382730.50
1382730.50
1382730.50
2026457.63
2026457.63
2026457.63
2026457.63
2026457.63
2026457.63
2026457.63
2026457.63
3053076.00
3053076.00
3053076.00
3053076.00
3053076.00
3053076.00
3053076.00
3053076.00
4717778.50
4717778.50
4717778.50
4717778.50
4717778.50
4717778.50
4717778.50
4717778.50
7477175.00
7477175.00
7477175.00
7477175.00
7477175.00
7477175.00
7477175.00
7477175.00
12210618.00
12210618.00
12210618.00
12210618.00
12210618.00
12210618.00
12210618.00
12210618.00
20499234.00
20499234.00
20499234.00
20499234.00
20499234.00
20499234.00
20499234.00
20499234.00
35541636.00
35541636.00
35541636.00
35541636.00
35541636.00
35541636.00
35541636.00
35541636.00
63494696.00
63494696.00
63494696.00
63494696.00
63494696.00
63494696.00
63494696.00
63494696.00
117418800.00
117418800.00
117418800.00
117418800.00
117418800.00
117418800.00
117418800.00
117418800.00
224252560.00
224252560.00
224252560.00
224252560.00
224252560.00
224252560.00
224252560.00
224252560.00
443340800.00
443340800.00
443340800.00
443340800.00
443340800.00
443340800.00
443340800.00
443340800.00
911459584.00
911459584.00
911459584.00
911459584.00
911459584.00
911459584.00
911459584.00
911459584.00
1935251712.00
1935251712.00
1935251712.00
1935251712.00
1935251712.00
1935251712.00
1935251712.00
1935251712.00
60776765194240.00
60776765194240.00
60776765194240.00
60776765194240.00
60776765194240.00
60776765194240.00
60776765194240.00
60776765194240.00
60776765194240.00
60776765194240.00
60776765194240.00
60776765194240.00
60776765194240.00
60776765194240.00
60776765194240.00
60776765194240.00
60776765194240.00
60776765194240.00
60776765194240.00
60776765194240.00
60776765194240.00
60776765194240.00
60776765194240.00
60776765194240.00
60776765194240.00
60776765194240.00
60776765194240.00
60776765194240.00
60776765194240.00
60776765194240.00
60776765194240.00
60776765194240.00
60776765194240.00
