30
0 0 0 4 0 0
0 1 3 5 1 0
0 2 5 7 1 1
0 3 7 3 3 2
0 4 9 10 1 3
0 5 15 4 3 4
0 6 31 5 3 5
0 7 63 6 3 6
0 8 127 7 3 7
0 9 255 8 3 8
0 10 511 9 3 9
0 11 1023 10 3 10
0 12 2047 11 3 11
0 13 4095 12 3 12
0 14 8191 13 3 13
0 15 16383 14 3 14
1 0 0 4 0 0
1 1 3 5 1 0
1 2 5 7 1 1
1 3 7 3 3 2
1 4 9 10 1 3
1 5 15 4 3 4
1 6 31 5 3 5
1 7 63 6 3 6
1 8 127 7 3 7
1 9 255 8 3 8
1 10 511 9 3 9
1 11 1023 10 3 10
1 12 2047 11 3 11
1 13 4095 12 3 12
1 14 8191 13 3 13
1 15 16383 14 3 14
2 0 0 4 0 0
2 1 3 5 1 0
2 2 5 7 1 1
2 3 7 3 3 2
2 4 9 10 1 3
2 5 15 4 3 4
2 6 31 5 3 5
2 7 63 6 3 6
2 8 127 7 3 7
2 9 255 8 3 8
2 10 511 9 3 9
2 11 1023 10 3 10
2 12 2047 11 3 11
2 13 4095 12 3 12
2 14 8191 13 3 13
2 15 16383 14 3 14
3 0 0 4 0 0
3 1 3 5 1 0
3 2 5 7 1 1
3 3 7 3 3 2
3 4 9 10 1 3
3 5 15 4 3 4
3 6 31 5 3 5
3 7 63 6 3 6
3 8 127 7 3 7
3 9 255 8 3 8
3 10 511 9 3 9
3 11 1023 10 3 10
3 12 2047 11 3 11
3 13 4095 12 3 12
3 14 8191 13 3 13
3 15 16383 14 3 14
4 0 0 3 0 0
4 1 3 5 1 0
4 2 5 7 1 1
4 3 9 10 1 3
4 4 15 4 3 4
4 5 31 5 3 5
4 6 63 6 3 6
4 7 127 7 3 7 
5 0 0 3 0 0
5 1 3 5 1 0
5 2 5 7 1 1
5 3 9 10 1 3
5 4 15 4 3 4
5 5 31 5 3 5
5 6 63 6 3 6
5 7 127 7 3 7 
6 0 0 3 0 0
6 1 3 5 1 0
6 2 5 7 1 1
6 3 9 10 1 3
6 4 15 4 3 4
6 5 31 5 3 5
6 6 63 6 3 6
6 7 127 7 3 7 
7 0 0 3 0 0
7 1 3 5 1 0
7 2 5 7 1 1
7 3 9 10 1 3
7 4 15 4 3 4
7 5 31 5 3 5
7 6 63 6 3 6
7 7 127 7 3 7 
8 0 0 3 0 0
8 1 3 5 1 0
8 2 5 7 1 1
8 3 9 10 1 3
8 4 15 4 3 4
8 5 31 5 3 5
8 6 63 6 3 6
8 7 127 7 3 7 
9 0 0 3 0 0
9 1 3 5 1 0
9 2 5 7 1 1
9 3 9 10 1 3
9 4 15 4 3 4
9 5 31 5 3 5
9 6 63 6 3 6
9 7 127 7 3 7 
10 0 0 3 0 0
10 1 3 5 1 0
10 2 5 7 1 1
10 3 9 10 1 3
10 4 15 4 3 4
10 5 31 5 3 5
10 6 63 6 3 6
10 7 127 7 3 7 
11 0 0 2 0 0
11 1 3 5 1 0
11 2 5 7 1 1
11 3 9 10 1 3
12 0 0 2 0 0
12 1 3 5 1 0
12 2 5 7 1 1
12 3 9 10 1 3
13 0 0 2 0 0
13 1 3 5 1 0
13 2 5 7 1 1
13 3 9 10 1 3
14 0 0 2 0 0
14 1 3 5 1 0
14 2 5 7 1 1
14 3 9 10 1 3
15 0 0 2 0 0
15 1 3 5 1 0
15 2 5 7 1 1
15 3 9 10 1 3
16 0 0 2 0 0
16 1 3 5 1 0
16 2 5 7 1 1
16 3 9 10 1 3
17 0 0 2 0 0
17 1 3 5 1 0
17 2 5 7 1 1
17 3 9 10 1 3
18 0 0 2 0 0
18 1 3 5 1 0
18 2 5 7 1 1
18 3 9 10 1 3
19 0 0 2 0 0
19 1 3 5 1 0
19 2 5 7 1 1
19 3 9 10 1 3
20 0 0 2 0 0
20 1 3 5 1 0
20 2 5 7 1 1
20 3 9 10 1 3
21 0 0 2 0 0
21 1 3 5 1 0
21 2 5 7 1 1
21 3 9 10 1 3
22 0 0 2 0 0
22 1 3 5 1 0
22 2 5 7 1 1
22 3 9 10 1 3
23 0 0 2 0 0
23 1 3 5 1 0
23 2 5 7 1 1
23 3 9 10 1 3
24 0 0 2 0 0
24 1 3 5 1 0
24 2 5 7 1 1
24 3 9 10 1 3
25 0 0 2 0 0
25 1 3 5 1 0
25 2 5 7 1 1
25 3 9 10 1 3
26 0 0 2 0 0
26 1 3 5 1 0
26 2 5 7 1 1
26 3 9 10 1 3
27 0 0 2 0 0
27 1 3 5 1 0
27 2 5 7 1 1
27 3 9 10 1 3
28 0 0 2 0 0
28 1 3 5 1 0
28 2 5 7 1 1
28 3 9 10 1 3
29 0 0 2 0 0
29 1 3 5 1 0
29 2 5 7 1 1
29 3 9 10 1 3
