#########################################################################
# huffman decode tree for ISO-MPEG Layer 3 Decoding                     #
# Syntax:                                                               #
# .table number treelen xlen ylen linbits:                              #
# .reference number of reference tree:                                  #
# or:                                                                   #
# .treedata                                                             #
# decodertree values in hex format:                                     #
#########################################################################

.table  0   0  0  0  0
.treedata

.table  1   7  2  2  0
.treedata
 2  1  0  0  2  1  0 10  2  1  0  1  0 11 

.table  2  17  3  3  0
.treedata
 2  1  0  0  4  1  2  1  0 10  0  1  2  1  0 11  4  1  2  1  0 20  0 21 
 2  1  0 12  2  1  0  2  0 22 

.table  3  17  3  3  0
.treedata
 4  1  2  1  0  0  0  1  2  1  0 11  2  1  0 10  4  1  2  1  0 20  0 21 
 2  1  0 12  2  1  0  2  0 22 

.table  4   0  0  0  0
.treedata

.table  5  31  4  4  0
.treedata
 2  1  0  0  4  1  2  1  0 10  0  1  2  1  0 11  8  1  4  1  2  1  0 20 
 0  2  2  1  0 21  0 12  8  1  4  1  2  1  0 22  0 30  2  1  0  3  0 13 
 2  1  0 31  2  1  0 32  2  1  0 23  0 33 

.table  6  31  4  4  0
.treedata
 6  1  4  1  2  1  0  0  0 10  0 11  6  1  2  1  0  1  2  1  0 20  0 21 
 6  1  2  1  0 12  2  1  0  2  0 22  4  1  2  1  0 31  0 13  4  1  2  1 
 0 30  0 32  2  1  0 23  2  1  0  3  0 33 

.table  7  71  6  6  0
.treedata
 2  1  0  0  4  1  2  1  0 10  0  1  8  1  2  1  0 11  4  1  2  1  0 20 
 0  2  0 21 12  1  6  1  2  1  0 12  2  1  0 22  0 30  4  1  2  1  0 31 
 0 13  4  1  2  1  0  3  0 32  2  1  0 23  0  4  a  1  4  1  2  1  0 40 
 0 41  2  1  0 14  2  1  0 42  0 24  c  1  6  1  4  1  2  1  0 33  0 43 
 0 50  4  1  2  1  0 34  0  5  0 51  6  1  2  1  0 15  2  1  0 52  0 25 
 4  1  2  1  0 44  0 35  4  1  2  1  0 53  0 54  2  1  0 45  0 55 

.table  8  71  6  6  0
.treedata
 6  1  2  1  0  0  2  1  0 10  0  1  2  1  0 11  4  1  2  1  0 21  0 12 
 e  1  4  1  2  1  0 20  0  2  2  1  0 22  4  1  2  1  0 30  0  3  2  1 
 0 31  0 13  e  1  8  1  4  1  2  1  0 32  0 23  2  1  0 40  0  4  2  1 
 0 41  2  1  0 14  0 42  c  1  6  1  2  1  0 24  2  1  0 33  0 50  4  1 
 2  1  0 43  0 34  0 51  6  1  2  1  0 15  2  1  0  5  0 52  6  1  2  1 
 0 25  2  1  0 44  0 35  2  1  0 53  2  1  0 45  2  1  0 54  0 55 

.table  9  71  6  6  0
.treedata
 8  1  4  1  2  1  0  0  0 10  2  1  0  1  0 11  a  1  4  1  2  1  0 20 
 0 21  2  1  0 12  2  1  0  2  0 22  c  1  6  1  4  1  2  1  0 30  0  3 
 0 31  2  1  0 13  2  1  0 32  0 23  c  1  4  1  2  1  0 41  0 14  4  1 
 2  1  0 40  0 33  2  1  0 42  0 24  a  1  6  1  4  1  2  1  0  4  0 50 
 0 43  2  1  0 34  0 51  8  1  4  1  2  1  0 15  0 52  2  1  0 25  0 44 
 6  1  4  1  2  1  0  5  0 54  0 53  2  1  0 35  2  1  0 45  0 55 

.table 10 127  8  8  0
.treedata
 2  1  0  0  4  1  2  1  0 10  0  1  a  1  2  1  0 11  4  1  2  1  0 20 
 0  2  2  1  0 21  0 12 1c  1  8  1  4  1  2  1  0 22  0 30  2  1  0 31 
 0 13  8  1  4  1  2  1  0  3  0 32  2  1  0 23  0 40  4  1  2  1  0 41 
 0 14  4  1  2  1  0  4  0 33  2  1  0 42  0 24 1c  1  a  1  6  1  4  1 
 2  1  0 50  0  5  0 60  2  1  0 61  0 16  c  1  6  1  4  1  2  1  0 43 
 0 34  0 51  2  1  0 15  2  1  0 52  0 25  4  1  2  1  0 26  0 36  0 71 
14  1  8  1  2  1  0 17  4  1  2  1  0 44  0 53  0  6  6  1  4  1  2  1 
 0 35  0 45  0 62  2  1  0 70  2  1  0  7  0 64  e  1  4  1  2  1  0 72 
 0 27  6  1  2  1  0 63  2  1  0 54  0 55  2  1  0 46  0 73  8  1  4  1 
 2  1  0 37  0 65  2  1  0 56  0 74  6  1  2  1  0 47  2  1  0 66  0 75 
 4  1  2  1  0 57  0 76  2  1  0 67  0 77 

.table 11 127  8  8  0
.treedata
 6  1  2  1  0  0  2  1  0 10  0  1  8  1  2  1  0 11  4  1  2  1  0 20 
 0  2  0 12 18  1  8  1  2  1  0 21  2  1  0 22  2  1  0 30  0  3  4  1 
 2  1  0 31  0 13  4  1  2  1  0 32  0 23  4  1  2  1  0 40  0  4  2  1 
 0 41  0 14 1e  1 10  1  a  1  4  1  2  1  0 42  0 24  4  1  2  1  0 33 
 0 43  0 50  4  1  2  1  0 34  0 51  0 61  6  1  2  1  0 16  2  1  0  6 
 0 26  2  1  0 62  2  1  0 15  2  1  0  5  0 52 10  1  a  1  6  1  4  1 
 2  1  0 25  0 44  0 60  2  1  0 63  0 36  4  1  2  1  0 70  0 17  0 71 
10  1  6  1  4  1  2  1  0  7  0 64  0 72  2  1  0 27  4  1  2  1  0 53 
 0 35  2  1  0 54  0 45  a  1  4  1  2  1  0 46  0 73  2  1  0 37  2  1 
 0 65  0 56  a  1  6  1  4  1  2  1  0 55  0 57  0 74  2  1  0 47  0 66 
 4  1  2  1  0 75  0 76  2  1  0 67  0 77 

.table 12 127  8  8  0
.treedata
 c  1  4  1  2  1  0 10  0  1  2  1  0 11  2  1  0  0  2  1  0 20  0  2 
10  1  4  1  2  1  0 21  0 12  4  1  2  1  0 22  0 31  2  1  0 13  2  1 
 0 30  2  1  0  3  0 40 1a  1  8  1  4  1  2  1  0 32  0 23  2  1  0 41 
 0 33  a  1  4  1  2  1  0 14  0 42  2  1  0 24  2  1  0  4  0 50  4  1 
 2  1  0 43  0 34  2  1  0 51  0 15 1c  1  e  1  8  1  4  1  2  1  0 52 
 0 25  2  1  0 53  0 35  4  1  2  1  0 60  0 16  0 61  4  1  2  1  0 62 
 0 26  6  1  4  1  2  1  0  5  0  6  0 44  2  1  0 54  0 45 12  1  a  1 
 4  1  2  1  0 63  0 36  4  1  2  1  0 70  0  7  0 71  4  1  2  1  0 17 
 0 64  2  1  0 46  0 72  a  1  6  1  2  1  0 27  2  1  0 55  0 73  2  1 
 0 37  0 56  8  1  4  1  2  1  0 65  0 74  2  1  0 47  0 66  4  1  2  1 
 0 75  0 57  2  1  0 76  2  1  0 67  0 77 

.table 13 511 16 16  0
.treedata
 2  1  0  0  6  1  2  1  0 10  2  1  0  1  0 11 1c  1  8  1  4  1  2  1 
 0 20  0  2  2  1  0 21  0 12  8  1  4  1  2  1  0 22  0 30  2  1  0  3 
 0 31  6  1  2  1  0 13  2  1  0 32  0 23  4  1  2  1  0 40  0  4  0 41 
46  1 1c  1  e  1  6  1  2  1  0 14  2  1  0 33  0 42  4  1  2  1  0 24 
 0 50  2  1  0 43  0 34  4  1  2  1  0 51  0 15  4  1  2  1  0  5  0 52 
 2  1  0 25  2  1  0 44  0 53  e  1  8  1  4  1  2  1  0 60  0  6  2  1 
 0 61  0 16  4  1  2  1  0 80  0  8  0 81 10  1  8  1  4  1  2  1  0 35 
 0 62  2  1  0 26  0 54  4  1  2  1  0 45  0 63  2  1  0 36  0 70  6  1 
 4  1  2  1  0  7  0 55  0 71  2  1  0 17  2  1  0 27  0 37 48  1 18  1 
 c  1  4  1  2  1  0 18  0 82  2  1  0 28  4  1  2  1  0 64  0 46  0 72 
 8  1  4  1  2  1  0 84  0 48  2  1  0 90  0  9  2  1  0 91  0 19 18  1 
 e  1  8  1  4  1  2  1  0 73  0 65  2  1  0 56  0 74  4  1  2  1  0 47 
 0 66  0 83  6  1  2  1  0 38  2  1  0 75  0 57  2  1  0 92  0 29  e  1 
 8  1  4  1  2  1  0 67  0 85  2  1  0 58  0 39  2  1  0 93  2  1  0 49 
 0 86  6  1  2  1  0 a0  2  1  0 68  0  a  2  1  0 a1  0 1a 44  1 18  1 
 c  1  4  1  2  1  0 a2  0 2a  4  1  2  1  0 95  0 59  2  1  0 a3  0 3a 
 8  1  4  1  2  1  0 4a  0 96  2  1  0 b0  0  b  2  1  0 b1  0 1b 14  1 
 8  1  2  1  0 b2  4  1  2  1  0 76  0 77  0 94  6  1  4  1  2  1  0 87 
 0 78  0 a4  4  1  2  1  0 69  0 a5  0 2b  c  1  6  1  4  1  2  1  0 5a 
 0 88  0 b3  2  1  0 3b  2  1  0 79  0 a6  6  1  4  1  2  1  0 6a  0 b4 
 0 c0  4  1  2  1  0  c  0 98  0 c1 3c  1 16  1  a  1  6  1  2  1  0 1c 
 2  1  0 89  0 b5  2  1  0 5b  0 c2  4  1  2  1  0 2c  0 3c  4  1  2  1 
 0 b6  0 6b  2  1  0 c4  0 4c 10  1  8  1  4  1  2  1  0 a8  0 8a  2  1 
 0 d0  0  d  2  1  0 d1  2  1  0 4b  2  1  0 97  0 a7  c  1  6  1  2  1 
 0 c3  2  1  0 7a  0 99  4  1  2  1  0 c5  0 5c  0 b7  4  1  2  1  0 1d 
 0 d2  2  1  0 2d  2  1  0 7b  0 d3 34  1 1c  1  c  1  4  1  2  1  0 3d 
 0 c6  4  1  2  1  0 6c  0 a9  2  1  0 9a  0 d4  8  1  4  1  2  1  0 b8 
 0 8b  2  1  0 4d  0 c7  4  1  2  1  0 7c  0 d5  2  1  0 5d  0 e0  a  1 
 4  1  2  1  0 e1  0 1e  4  1  2  1  0  e  0 2e  0 e2  8  1  4  1  2  1 
 0 e3  0 6d  2  1  0 8c  0 e4  4  1  2  1  0 e5  0 ba  0 f0 26  1 10  1 
 4  1  2  1  0 f1  0 1f  6  1  4  1  2  1  0 aa  0 9b  0 b9  2  1  0 3e 
 2  1  0 d6  0 c8  c  1  6  1  2  1  0 4e  2  1  0 d7  0 7d  2  1  0 ab 
 2  1  0 5e  0 c9  6  1  2  1  0  f  2  1  0 9c  0 6e  2  1  0 f2  0 2f 
20  1 10  1  6  1  4  1  2  1  0 d8  0 8d  0 3f  6  1  2  1  0 f3  2  1 
 0 e6  0 ca  2  1  0 f4  0 4f  8  1  4  1  2  1  0 bb  0 ac  2  1  0 e7 
 0 f5  4  1  2  1  0 d9  0 9d  2  1  0 5f  0 e8 1e  1  c  1  6  1  2  1 
 0 6f  2  1  0 f6  0 cb  4  1  2  1  0 bc  0 ad  0 da  8  1  2  1  0 f7 
 4  1  2  1  0 7e  0 7f  0 8e  6  1  4  1  2  1  0 9e  0 ae  0 cc  2  1 
 0 f8  0 8f 12  1  8  1  4  1  2  1  0 db  0 bd  2  1  0 ea  0 f9  4  1 
 2  1  0 9f  0 eb  2  1  0 be  2  1  0 cd  0 fa  e  1  4  1  2  1  0 dd 
 0 ec  6  1  4  1  2  1  0 e9  0 af  0 dc  2  1  0 ce  0 fb  8  1  4  1 
 2  1  0 bf  0 de  2  1  0 cf  0 ee  4  1  2  1  0 df  0 ef  2  1  0 ff 
 2  1  0 ed  2  1  0 fd  2  1  0 fc  0 fe 

.table 14   0  0  0  0
.treedata

.table 15 511 16 16  0
.treedata
10  1  6  1  2  1  0  0  2  1  0 10  0  1  2  1  0 11  4  1  2  1  0 20 
 0  2  2  1  0 21  0 12 32  1 10  1  6  1  2  1  0 22  2  1  0 30  0 31 
 6  1  2  1  0 13  2  1  0  3  0 40  2  1  0 32  0 23  e  1  6  1  4  1 
 2  1  0  4  0 14  0 41  4  1  2  1  0 33  0 42  2  1  0 24  0 43  a  1 
 6  1  2  1  0 34  2  1  0 50  0  5  2  1  0 51  0 15  4  1  2  1  0 52 
 0 25  4  1  2  1  0 44  0 53  0 61 5a  1 24  1 12  1  a  1  6  1  2  1 
 0 35  2  1  0 60  0  6  2  1  0 16  0 62  4  1  2  1  0 26  0 54  2  1 
 0 45  0 63  a  1  6  1  2  1  0 36  2  1  0 70  0  7  2  1  0 71  0 55 
 4  1  2  1  0 17  0 64  2  1  0 72  0 27 18  1 10  1  8  1  4  1  2  1 
 0 46  0 73  2  1  0 37  0 65  4  1  2  1  0 56  0 80  2  1  0  8  0 74 
 4  1  2  1  0 81  0 18  2  1  0 82  0 28 10  1  8  1  4  1  2  1  0 47 
 0 66  2  1  0 83  0 38  4  1  2  1  0 75  0 57  2  1  0 84  0 48  6  1 
 4  1  2  1  0 90  0 19  0 91  4  1  2  1  0 92  0 76  2  1  0 67  0 29 
5c  1 24  1 12  1  a  1  4  1  2  1  0 85  0 58  4  1  2  1  0  9  0 77 
 0 93  4  1  2  1  0 39  0 94  2  1  0 49  0 86  a  1  6  1  2  1  0 68 
 2  1  0 a0  0  a  2  1  0 a1  0 1a  4  1  2  1  0 a2  0 2a  2  1  0 95 
 0 59 1a  1  e  1  6  1  2  1  0 a3  2  1  0 3a  0 87  4  1  2  1  0 78 
 0 a4  2  1  0 4a  0 96  6  1  4  1  2  1  0 69  0 b0  0 b1  4  1  2  1 
 0 1b  0 a5  0 b2  e  1  8  1  4  1  2  1  0 5a  0 2b  2  1  0 88  0 97 
 2  1  0 b3  2  1  0 79  0 3b  8  1  4  1  2  1  0 6a  0 b4  2  1  0 4b 
 0 c1  4  1  2  1  0 98  0 89  2  1  0 1c  0 b5 50  1 22  1 10  1  6  1 
 4  1  2  1  0 5b  0 2c  0 c2  6  1  4  1  2  1  0  b  0 c0  0 a6  2  1 
 0 a7  0 7a  a  1  4  1  2  1  0 c3  0 3c  4  1  2  1  0  c  0 99  0 b6 
 4  1  2  1  0 6b  0 c4  2  1  0 4c  0 a8 14  1  a  1  4  1  2  1  0 8a 
 0 c5  4  1  2  1  0 d0  0 5c  0 d1  4  1  2  1  0 b7  0 7b  2  1  0 1d 
 2  1  0  d  0 2d  c  1  4  1  2  1  0 d2  0 d3  4  1  2  1  0 3d  0 c6 
 2  1  0 6c  0 a9  6  1  4  1  2  1  0 9a  0 b8  0 d4  4  1  2  1  0 8b 
 0 4d  2  1  0 c7  0 7c 44  1 22  1 12  1  a  1  4  1  2  1  0 d5  0 5d 
 4  1  2  1  0 e0  0  e  0 e1  4  1  2  1  0 1e  0 e2  2  1  0 aa  0 2e 
 8  1  4  1  2  1  0 b9  0 9b  2  1  0 e3  0 d6  4  1  2  1  0 6d  0 3e 
 2  1  0 c8  0 8c 10  1  8  1  4  1  2  1  0 e4  0 4e  2  1  0 d7  0 7d 
 4  1  2  1  0 e5  0 ba  2  1  0 ab  0 5e  8  1  4  1  2  1  0 c9  0 9c 
 2  1  0 f1  0 1f  6  1  4  1  2  1  0 f0  0 6e  0 f2  2  1  0 2f  0 e6 
26  1 12  1  8  1  4  1  2  1  0 d8  0 f3  2  1  0 3f  0 f4  6  1  2  1 
 0 4f  2  1  0 8d  0 d9  2  1  0 bb  0 ca  8  1  4  1  2  1  0 ac  0 e7 
 2  1  0 7e  0 f5  8  1  4  1  2  1  0 9d  0 5f  2  1  0 e8  0 8e  2  1 
 0 f6  0 cb 22  1 12  1  a  1  6  1  4  1  2  1  0  f  0 ae  0 6f  2  1 
 0 bc  0 da  4  1  2  1  0 ad  0 f7  2  1  0 7f  0 e9  8  1  4  1  2  1 
 0 9e  0 cc  2  1  0 f8  0 8f  4  1  2  1  0 db  0 bd  2  1  0 ea  0 f9 
10  1  8  1  4  1  2  1  0 9f  0 dc  2  1  0 cd  0 eb  4  1  2  1  0 be 
 0 fa  2  1  0 af  0 dd  e  1  6  1  4  1  2  1  0 ec  0 ce  0 fb  4  1 
 2  1  0 bf  0 ed  2  1  0 de  0 fc  6  1  4  1  2  1  0 cf  0 fd  0 ee 
 4  1  2  1  0 df  0 fe  2  1  0 ef  0 ff 

.table 16 511 16 16  1
.treedata
 2  1  0  0  6  1  2  1  0 10  2  1  0  1  0 11 2a  1  8  1  4  1  2  1 
 0 20  0  2  2  1  0 21  0 12  a  1  6  1  2  1  0 22  2  1  0 30  0  3 
 2  1  0 31  0 13  a  1  4  1  2  1  0 32  0 23  4  1  2  1  0 40  0  4 
 0 41  6  1  2  1  0 14  2  1  0 33  0 42  4  1  2  1  0 24  0 50  2  1 
 0 43  0 34 8a  1 28  1 10  1  6  1  4  1  2  1  0  5  0 15  0 51  4  1 
 2  1  0 52  0 25  4  1  2  1  0 44  0 35  0 53  a  1  6  1  4  1  2  1 
 0 60  0  6  0 61  2  1  0 16  0 62  8  1  4  1  2  1  0 26  0 54  2  1 
 0 45  0 63  4  1  2  1  0 36  0 70  0 71 28  1 12  1  8  1  2  1  0 17 
 2  1  0  7  2  1  0 55  0 64  4  1  2  1  0 72  0 27  4  1  2  1  0 46 
 0 65  0 73  a  1  6  1  2  1  0 37  2  1  0 56  0  8  2  1  0 80  0 81 
 6  1  2  1  0 18  2  1  0 74  0 47  2  1  0 82  2  1  0 28  0 66 18  1 
 e  1  8  1  4  1  2  1  0 83  0 38  2  1  0 75  0 84  4  1  2  1  0 48 
 0 90  0 91  6  1  2  1  0 19  2  1  0  9  0 76  2  1  0 92  0 29  e  1 
 8  1  4  1  2  1  0 85  0 58  2  1  0 93  0 39  4  1  2  1  0 a0  0  a 
 0 1a  8  1  2  1  0 a2  2  1  0 67  2  1  0 57  0 49  6  1  2  1  0 94 
 2  1  0 77  0 86  2  1  0 a1  2  1  0 68  0 95 dc  1 7e  1 32  1 1a  1 
 c  1  6  1  2  1  0 2a  2  1  0 59  0 3a  2  1  0 a3  2  1  0 87  0 78 
 8  1  4  1  2  1  0 a4  0 4a  2  1  0 96  0 69  4  1  2  1  0 b0  0  b 
 0 b1  a  1  4  1  2  1  0 1b  0 b2  2  1  0 2b  2  1  0 a5  0 5a  6  1 
 2  1  0 b3  2  1  0 a6  0 6a  4  1  2  1  0 b4  0 4b  2  1  0  c  0 c1 
1e  1  e  1  6  1  4  1  2  1  0 b5  0 c2  0 2c  4  1  2  1  0 a7  0 c3 
 2  1  0 6b  0 c4  8  1  2  1  0 1d  4  1  2  1  0 88  0 97  0 3b  4  1 
 2  1  0 d1  0 d2  2  1  0 2d  0 d3 12  1  6  1  4  1  2  1  0 1e  0 2e 
 0 e2  6  1  4  1  2  1  0 79  0 98  0 c0  2  1  0 1c  2  1  0 89  0 5b 
 e  1  6  1  2  1  0 3c  2  1  0 7a  0 b6  4  1  2  1  0 4c  0 99  2  1 
 0 a8  0 8a  6  1  2  1  0  d  2  1  0 c5  0 5c  4  1  2  1  0 3d  0 c6 
 2  1  0 6c  0 9a 58  1 56  1 24  1 10  1  8  1  4  1  2  1  0 8b  0 4d 
 2  1  0 c7  0 7c  4  1  2  1  0 d5  0 5d  2  1  0 e0  0  e  8  1  2  1 
 0 e3  4  1  2  1  0 d0  0 b7  0 7b  6  1  4  1  2  1  0 a9  0 b8  0 d4 
 2  1  0 e1  2  1  0 aa  0 b9 18  1  a  1  6  1  4  1  2  1  0 9b  0 d6 
 0 6d  2  1  0 3e  0 c8  6  1  4  1  2  1  0 8c  0 e4  0 4e  4  1  2  1 
 0 d7  0 e5  2  1  0 ba  0 ab  c  1  4  1  2  1  0 9c  0 e6  4  1  2  1 
 0 6e  0 d8  2  1  0 8d  0 bb  8  1  4  1  2  1  0 e7  0 9d  2  1  0 e8 
 0 8e  4  1  2  1  0 cb  0 bc  0 9e  0 f1  2  1  0 1f  2  1  0  f  0 2f 
42  1 38  1  2  1  0 f2 34  1 32  1 14  1  8  1  2  1  0 bd  2  1  0 5e 
 2  1  0 7d  0 c9  6  1  2  1  0 ca  2  1  0 ac  0 7e  4  1  2  1  0 da 
 0 ad  0 cc  a  1  6  1  2  1  0 ae  2  1  0 db  0 dc  2  1  0 cd  0 be 
 6  1  4  1  2  1  0 eb  0 ed  0 ee  6  1  4  1  2  1  0 d9  0 ea  0 e9 
 2  1  0 de  4  1  2  1  0 dd  0 ec  0 ce  0 3f  0 f0  4  1  2  1  0 f3 
 0 f4  2  1  0 4f  2  1  0 f5  0 5f  a  1  2  1  0 ff  4  1  2  1  0 f6 
 0 6f  2  1  0 f7  0 7f  c  1  6  1  2  1  0 8f  2  1  0 f8  0 f9  4  1 
 2  1  0 9f  0 fa  0 af  8  1  4  1  2  1  0 fb  0 bf  2  1  0 fc  0 cf 
 4  1  2  1  0 fd  0 df  2  1  0 fe  0 ef 

.table 17 511 16 16  2
.reference 16

.table 18 511 16 16  3
.reference 16

.table 19 511 16 16  4
.reference 16

.table 20 511 16 16  6
.reference 16

.table 21 511 16 16  8
.reference 16

.table 22 511 16 16 10
.reference 16

.table 23 511 16 16 13
.reference 16

.table 24 512 16 16  4
.treedata
3c  1  8  1  4  1  2  1  0  0  0 10  2  1  0  1  0 11  e  1  6  1  4  1 
 2  1  0 20  0  2  0 21  2  1  0 12  2  1  0 22  2  1  0 30  0  3  e  1 
 4  1  2  1  0 31  0 13  4  1  2  1  0 32  0 23  4  1  2  1  0 40  0  4 
 0 41  8  1  4  1  2  1  0 14  0 33  2  1  0 42  0 24  6  1  4  1  2  1 
 0 43  0 34  0 51  6  1  4  1  2  1  0 50  0  5  0 15  2  1  0 52  0 25 
fa  1 62  1 22  1 12  1  a  1  4  1  2  1  0 44  0 53  2  1  0 35  2  1 
 0 60  0  6  4  1  2  1  0 61  0 16  2  1  0 62  0 26  8  1  4  1  2  1 
 0 54  0 45  2  1  0 63  0 36  4  1  2  1  0 71  0 55  2  1  0 64  0 46 
20  1  e  1  6  1  2  1  0 72  2  1  0 27  0 37  2  1  0 73  4  1  2  1 
 0 70  0  7  0 17  a  1  4  1  2  1  0 65  0 56  4  1  2  1  0 80  0  8 
 0 81  4  1  2  1  0 74  0 47  2  1  0 18  0 82 10  1  8  1  4  1  2  1 
 0 28  0 66  2  1  0 83  0 38  4  1  2  1  0 75  0 57  2  1  0 84  0 48 
 8  1  4  1  2  1  0 91  0 19  2  1  0 92  0 76  4  1  2  1  0 67  0 29 
 2  1  0 85  0 58 5c  1 22  1 10  1  8  1  4  1  2  1  0 93  0 39  2  1 
 0 94  0 49  4  1  2  1  0 77  0 86  2  1  0 68  0 a1  8  1  4  1  2  1 
 0 a2  0 2a  2  1  0 95  0 59  4  1  2  1  0 a3  0 3a  2  1  0 87  2  1 
 0 78  0 4a 16  1  c  1  4  1  2  1  0 a4  0 96  4  1  2  1  0 69  0 b1 
 2  1  0 1b  0 a5  6  1  2  1  0 b2  2  1  0 5a  0 2b  2  1  0 88  0 b3 
10  1  a  1  6  1  2  1  0 90  2  1  0  9  0 a0  2  1  0 97  0 79  4  1 
 2  1  0 a6  0 6a  0 b4  c  1  6  1  2  1  0 1a  2  1  0  a  0 b0  2  1 
 0 3b  2  1  0  b  0 c0  4  1  2  1  0 4b  0 c1  2  1  0 98  0 89 43  1 
22  1 10  1  8  1  4  1  2  1  0 1c  0 b5  2  1  0 5b  0 c2  4  1  2  1 
 0 2c  0 a7  2  1  0 7a  0 c3  a  1  6  1  2  1  0 3c  2  1  0  c  0 d0 
 2  1  0 b6  0 6b  4  1  2  1  0 c4  0 4c  2  1  0 99  0 a8 10  1  8  1 
 4  1  2  1  0 8a  0 c5  2  1  0 5c  0 d1  4  1  2  1  0 b7  0 7b  2  1 
 0 1d  0 d2  9  1  4  1  2  1  0 2d  0 d3  2  1  0 3d  0 c6 55 fa  4  1 
 2  1  0 6c  0 a9  2  1  0 9a  0 d4 20  1 10  1  8  1  4  1  2  1  0 b8 
 0 8b  2  1  0 4d  0 c7  4  1  2  1  0 7c  0 d5  2  1  0 5d  0 e1  8  1 
 4  1  2  1  0 1e  0 e2  2  1  0 aa  0 b9  4  1  2  1  0 9b  0 e3  2  1 
 0 d6  0 6d 14  1  a  1  6  1  2  1  0 3e  2  1  0 2e  0 4e  2  1  0 c8 
 0 8c  4  1  2  1  0 e4  0 d7  4  1  2  1  0 7d  0 ab  0 e5  a  1  4  1 
 2  1  0 ba  0 5e  2  1  0 c9  2  1  0 9c  0 6e  8  1  2  1  0 e6  2  1 
 0  d  2  1  0 e0  0  e  4  1  2  1  0 d8  0 8d  2  1  0 bb  0 ca 4a  1 
 2  1  0 ff 40  1 3a  1 20  1 10  1  8  1  4  1  2  1  0 ac  0 e7  2  1 
 0 7e  0 d9  4  1  2  1  0 9d  0 e8  2  1  0 8e  0 cb  8  1  4  1  2  1 
 0 bc  0 da  2  1  0 ad  0 e9  4  1  2  1  0 9e  0 cc  2  1  0 db  0 bd 
10  1  8  1  4  1  2  1  0 ea  0 ae  2  1  0 dc  0 cd  4  1  2  1  0 eb 
 0 be  2  1  0 dd  0 ec  8  1  4  1  2  1  0 ce  0 ed  2  1  0 de  0 ee 
 0  f  4  1  2  1  0 f0  0 1f  0 f1  4  1  2  1  0 f2  0 2f  2  1  0 f3 
 0 3f 12  1  8  1  4  1  2  1  0 f4  0 4f  2  1  0 f5  0 5f  4  1  2  1 
 0 f6  0 6f  2  1  0 f7  2  1  0 7f  0 8f  a  1  4  1  2  1  0 f8  0 f9 
 4  1  2  1  0 9f  0 af  0 fa  8  1  4  1  2  1  0 fb  0 bf  2  1  0 fc 
 0 cf  4  1  2  1  0 fd  0 df  2  1  0 fe  0 ef 

.table 25 512 16 16  5
.reference 24

.table 26 512 16 16  6
.reference 24

.table 27 512 16 16  7
.reference 24

.table 28 512 16 16  8
.reference 24

.table 29 512 16 16  9
.reference 24

.table 30 512 16 16 11
.reference 24

.table 31 512 16 16 13
.reference 24

.table 32  31  1 16  0
.treedata
 2  1  0  0  8  1  4  1  2  1  0  8  0  4  2  1  0  1  0  2  8  1  4  1 
 2  1  0  c  0  a  2  1  0  3  0  6  6  1  2  1  0  9  2  1  0  5  0  7 
 4  1  2  1  0  e  0  d  2  1  0  f  0  b 

.table 33  31  1 16  0
.treedata
10  1  8  1  4  1  2  1  0  0  0  1  2  1  0  2  0  3  4  1  2  1  0  4 
 0  5  2  1  0  6  0  7  8  1  4  1  2  1  0  8  0  9  2  1  0  a  0  b 
 4  1  2  1  0  c  0  d  2  1  0  e  0  f 

.end
